$ANSIBLE_VAULT;1.1;AES256
37386563666437663365383532663133343033666535303537353636343533656630613433663937
3339646564346662343934313037363432363732373532620a643833386362306336313237393431
33313735313633336636366364376339353137643236393965643038643534356430623934373230
3136343838336535330a666230343562323233613465643864623564323730653236343939643462
62643735323931386561376665343935356361346134633061643465656438353132633762313363
38363738666439323134656538643862336236636666623662616238396634613134383732326233
33313832653265626437666438373464303131613265386136326633303865646132366165373266
62383436633931323331383038316332656461646538323934393434663763653565363036396131
65343263396630366130643035356138383630373538326138613761333035316564336636626635
63313433356663303536363362623038393639653166303165353833313066353632663038303965
62343930323763343961316437376337643539333663373136626136363939323733323238336638
33653364343133636538313961646532376637653730646163353161346331663735643030653035
3164
